batch: 10 accumulation_steps: 1 lr: 1e-05 epochs: 10 epoch: 1 val_accuracy: 0.877882797731569 test_accuracy: 0.8811649558367152
batch: 10 accumulation_steps: 1 lr: 1e-05 epochs: 10 epoch: 2 val_accuracy: 0.8831758034026465 test_accuracy: 0.8827882549534495
batch: 10 accumulation_steps: 1 lr: 1e-05 epochs: 10 epoch: 3 val_accuracy: 0.8835066162570888 test_accuracy: 0.8846980186201957
