batch: 10 accumulation_steps: 1 lr: 1e-05 epochs: 10 epoch: 1 val_accuracy: 0.7950581395348837 test_accuracy: 0.8029433774008481
batch: 10 accumulation_steps: 1 lr: 1e-05 epochs: 10 epoch: 2 val_accuracy: 0.7995397286821705 test_accuracy: 0.8100523821401846
batch: 10 accumulation_steps: 1 lr: 1e-05 epochs: 10 epoch: 3 val_accuracy: 0.8012354651162791 test_accuracy: 0.8085557495634822
